1704693982817 0.0 0
1704693985641 0.0 1
1704693988548 0.0 2
1704693991399 0.0 3
1704693994356 0.0 4
1704693997259 0.0 5
1704694000053 0.0 6
1704694002774 0.0 7
1704694005630 0.0 8
1704694008387 0.0 9
1704694011156 0.0 10
1704694013865 0.0 11
1704694016597 0.0 12
1704694019562 0.0 13
1704694022263 0.0 14
1704694025022 0.0 15
1704694027718 0.0 16
1704694030378 0.0 17
1704694033044 0.0 18
1704694035742 0.0 19
1704694038480 0.0 20
1704694041049 0.0 21
1704694043781 0.0 22
1704694046527 0.0 23
1704694049335 0.0 24
1704694051972 0.0 25
1704694054728 0.0 26
1704694057449 0.0 27
1704694060219 0.0 28
1704694062926 0.0 29
1704694065708 0.0 30
1704694068311 0.0 31
1704694070965 0.0 32
1704694073653 0.0 33
1704694076332 0.0 34
1704694079062 0.0 35
1704694081800 0.0 36
1704694084631 0.0 37
1704694087351 0.0 38
1704694090097 0.0 39
1704694092749 0.0 40
1704694095401 0.0 41
1704694098192 0.0 42
1704694100897 0.0 43
1704694103754 0.0 44
1704694106409 0.0 45
1704694109186 0.0 46
1704694111834 0.0 47
1704694114565 0.0 48
1704694117287 0.0 49
1704694120010 0.0 50
1704694122685 0.0 51
1704694125294 0.0 52
1704694128031 0.0 53
1704694130753 0.0 54
1704694133425 0.0 55
1704694136166 0.0 56
1704694138813 0.0 57
1704694141498 0.0 58
1704694144204 0.0 59
1704694146835 0.0 60
1704694149639 0.0 61
1704694152564 0.0 62
1704694155232 0.0 63
1704694157915 0.0 64
1704694160763 0.0 65
1704694163454 0.0 66
1704694166128 0.0 67
1704694168964 0.0 68
1704694171604 0.0 69
1704694174271 0.0 70
1704694177063 0.0 71
1704694179736 0.0 72
1704694182414 0.0 73
1704694185115 0.0 74
1704694187803 0.0 75
1704694190528 0.0 76
1704694193278 0.0 77
1704694195948 0.0 78
1704694198723 0.0 79
1704694201531 0.0 80
1704694204288 0.0 81
1704694206979 0.0 82
1704694209730 0.0 83
1704694212327 0.0 84
1704694214985 0.0 85
1704694217677 0.0 86
1704694220462 0.0 87
1704694223243 0.0 88
1704694226015 0.0 89
1704694228797 0.0 90
1704694231609 0.0 91
1704694234241 0.0 92
1704694237092 0.0 93
1704694239713 0.0 94
1704694242637 0.0 95
1704694245217 0.0 96
1704694247860 0.0 97
1704694250503 0.0 98
1704694253213 0.0 99
1704694264798 0.0 99
